0,319
0,318
0,311
0,310
0,309
0,308
0,426
0,423
0,421
0,417
0,416
0,409
0,359
2,5
2,4
32,0
29,5
29,4
29,2
29,1
29,0
26,5
26,4
26,2
26,1
26,0
23,5
23,4
23,2
23,1
23,0
20,5
20,4
20,2
20,1
20,0
17,5
17,3
17,2
17,1
17,0
16,4
16,3
16,2
16,1
16,0
60,3
15,6
15,4
15,3
15,2
35,3
15,1
15,0
14,3
65,3
14,2
14,1
14,0
73,3
13,4
13,3
45,7
13,2
39,3
13,1
13,0
11,6
54,9
11,5
11,4
54,6
11,3
54,3
11,2
11,1
11,0
42,3
9,3
76,3
9,2
9,1
9,0
32,3
6,5
6,4
29,3
6,2
6,1
6,0
20,3
5,3
70,3
5,2
5,1
5,0
26,3
4,3
23,3
4,2
4,1
4,0
67,3
3,6
3,5
3,4
6,13
3,3
6,3
3,2
3,1
3,0
2,3
2,2
2,1
2,0
1,3
1,2
1,1
1,0
0,410
0,324
0,243
0,9
0,1
0,0
45,3
0,422
0,300
0,387
0,299
0,347
0,298
0,346
0,297
0,339
0,296
0,350
0,295
0,325
0,294
0,329
0,293
0,382
0,292
0,327
0,291
0,290
0,415
0,289
0,373
0,288
0,377
0,287
0,313
0,286
0,412
0,285
0,386
0,284
0,322
0,283
0,321
0,282
0,281
0,345
0,280
0,444
0,279
0,407
0,278
0,355
0,277
0,276
0,381
0,275
0,274
0,380
0,273
0,411
0,272
0,414
0,271
32,1
32,2
32,5
35,0
35,2
35,4
39,0
39,2
39,4
39,6
42,0
42,2
42,5
45,0
45,2
45,4
54,0
54,1
54,4
54,7
54,8
54,11
54,12
54,14
54,16
54,17
54,19
54,20
54,22
54,23
54,25
54,27
54,28
54,30
54,31
54,33
54,35
54,36
54,38
54,39
54,41
54,42
54,44
54,46
54,47
54,49
54,50
54,52
54,54
54,55
54,65
54,66
54,68
54,70
54,71
54,73
54,74
60,0
60,1
60,4
60,6
60,7
65,0
65,1
65,4
65,6
65,7
67,1
67,2
70,0
70,1
70,4
73,0
73,1
73,4
73,5
76,1
76,4
76,5
76,2
76,0
73,2
70,5
70,2
67,4
67,0
65,5
65,2
60,8
60,5
60,2
54,75
54,72
54,69
54,67
54,64
54,53
54,51
54,48
54,45
54,43
54,40
54,37
54,34
54,32
54,29
54,26
54,24
54,21
54,18
54,15
54,13
54,10
54,5
54,2
45,5
45,1
42,4
42,1
39,5
39,1
35,5
35,1
32,4
0,270
0,437
0,269
0,334
0,268
0,335
0,267
0,266
0,398
0,265
0,432
0,264
0,363
0,263
0,405
0,262
0,365
0,261
0,260
0,408
0,259
0,435
0,258
0,401
0,257
0,323
0,256
0,434
0,255
0,427
0,254
0,356
0,253
0,400
0,252
0,361
0,251
0,385
0,250
0,403
0,249
0,397
0,248
0,360
0,247
0,246
0,402
0,245
0,391
0,244
0,341
0,242
0,340
0,241
0,406
0,240
0,344
0,239
0,438
0,238
0,399
0,237
0,394
0,236
0,353
0,235
0,433
0,234
0,428
0,233
0,351
0,232
0,379
0,231
0,389
0,230
0,430
0,229
0,333
0,228
0,424
0,227
0,372
0,226
0,413
0,225
0,425
0,224
0,223
0,431
0,222
0,221
0,420
0,220
0,436
0,219
0,328
0,218
0,404
0,217
0,396
0,216
0,215
0,316
0,214
0,338
0,213
0,212
0,211
0,326
0,210
0,393
0,209
0,343
0,208
0,337
0,207
0,374
0,206
0,376
0,205
0,395
0,204
0,330
0,203
0,371
0,202
0,418
0,201
0,392
0,200
0,384
0,199
0,336
0,198
0,390
0,197
0,348
0,196
0,364
0,195
0,429
0,194
0,367
0,193
0,331
0,192
0,354
0,63
0,375
0,62
0,368
0,61
0,383
0,60
0,366
0,59
0,58
0,388
0,57
0,442
0,56
0,369
0,55
0,54
0,314
0,53
0,352
0,52
0,317
0,51
0,312
0,50
0,362
0,49
0,370
0,48
0,342
0,47
0,358
0,46
0,307
0,45
0,315
0,6
0,5
0,304
0,303
0,306
0,305
0,302
0,12
0,10
0,8
0,11
0,4
0,2
0,3
0,7
